E23CSEU2036,Kunal,45,50,42,41,45,30
E23CSEU2012,Nirupam,45,50,43,42,46,70
E23CSEU2032,Raj,15,50,38,43,46,50
E23CSEU2043,Satwik,40,29,55,42,45,35
E23CSEU2035,Sourabh,35,30,28,42,26,40
E23CSEU2021,Kartik,15,60,38,42,45,40
E23CSEU2050,Rishabh,40,45,39,43,48,36
E23CSEU2075,Tanvi,38,48,45,44,50,30
E23CSEU2080,Meera,32,55,40,44,50,41
E23CSEU2090,Rahul,29,55,50,44,45,50
E23CSEU2100,Priya,41,52,48,42,50,35
E23CSEU2120,Vivek,50,50,45,45,47,31
E23CSEU2130,Aditya,45,50,42,41,45,30
E23CSEU2140,Arvind,30,40,38,42,40,29
E23CSEU2150,Shweta,28,30,35,43,50,32
